
C:\Users\Kris\Documents\bad-math>make clean_bin   && make   && cd tests   && tests.out   && cd..
rm -rf ./tests/tests.out
g++ -Wall -Wextra -std=c++20 -Iinclude -O3 -c src/expo.cpp -o obj/expo.o 
g++ -Wall -Wextra -std=c++20 -Iinclude -O3 obj/complexmath.o obj/expo.o obj/general.o obj/hyptrig.o obj/invhyptrig.o obj/invtrig.o obj/linear.o obj/logarithm.o obj/numbertheory.o obj/powers.o obj/quadratic.o obj/roots.o obj/special.o obj/trig.o -o tests/tests.out ./tests/tests.cpp
0
0
8.22473e-16
1.19073e-15
0
0
0
0
0
0.632121
7.39122e-16
0
0
0
1.98179e-16
0
1.4603e-15
5.8726e-16
0
3.60606e-16
0
0
0
1.77262e-15
4.37437e-16
0
0
0
1.95482e-16
1.23815e-15
2.4007e-15
2.89633e-16
0
0
0
1.94147e-16
0
3.02012e-15
2.87655e-16
1.82197e-15
0
0
0
0
3.78884e-15
1.42845e-16
0
0
0
0.632121
0
8.30988e-15
1.4187e-16
0
0
0
0
1.72097e-16
6.3845e-15
0.632121
0
0
0
0
3.41842e-16
5.10365e-15
1.39938e-16
0
0
0.632121
1.87607e-16
1.69754e-16
3.99359e-15
1.38983e-16
0
0
0
0
3.37189e-16
0.632121
1.38034e-16
0
0
0
0
3.34886e-16
2.27263e-15
0
0
0.632121
0
0
4.98899e-16
1.65522e-15
0
0
0
0
0
0.632121
1.34502e-15
0
0
0
0
0
9.84216e-16
1.03898e-15
0
0.632121
0
0
0
1.30333e-15
7.37061e-16
0
0
2.18411e-16
0
0.632121
1.61803e-15
5.85622e-16
0
1.19867e-16
0
0
0
2.08908e-15
2.90811e-16
0.632121
0
0
0
1.76386e-16
2.55361e-15
1.44413e-16
0
0
0
0.632121
1.75181e-16
3.17021e-15
2.86853e-16
1.29778e-16
0
0
0
0
4.09313e-15
0.632121
0
0
0
0
0
7.34859e-15
1.41474e-16
0
0
0.632121
0
1.71617e-16
5.74555e-15
1.40508e-16
0
0
0
0
1.70445e-16
0.632121
0
0
0
0
0
3.38561e-16
3.52294e-15
0
0
0.632121
0
0
3.36249e-16
2.58613e-15
0
0
0
0
0
0
1.96412e-15
0
0
0
0
0
4.97508e-16
1.6506e-15
0
1.42511e-14
0
0
0
8.23517e-16
1.04321e-15
1.34848e-16
0
0
0
2.85636e-14
9.81472e-16
8.88072e-16
0
0
0
0
0
1.29969e-15
7.35006e-16
4.25639e-14
0
0
0
0
1.61352e-15
5.83989e-16
0
0
0
5.67616e-14
1.77104e-16
2.2435e-15
2.9e-16
0
0
0
0
0
2.8648e-15
7.11409e-14
0
0
2.1337e-16
0
0
3.63558e-15
1.43026e-16
0
0
8.51891e-14
0
0
8.6344e-15
1.4205e-16
0
0
0
0
1.72315e-16
9.94751e-14
1.4108e-16
0
0
0
0
1.71138e-16
5.26497e-15
1.40116e-16
0
1.138e-13
0
0
1.69969e-16
4.15246e-15
0
0
0
0
0
1.27957e-13
3.05489e-15
0
0
0
0
0
3.35311e-16
2.42722e-15
0
1.42088e-13
0
0
0
4.99532e-16
1.80798e-15
0
0
0
0
1.56265e-13
6.61494e-16
1.34673e-15
0
0
0
0
0
8.21221e-16
8.91686e-16
1.7051e-13
1.21675e-16
0
0
0
1.14186e-15
7.37997e-16
0
0
0
1.84818e-13
0
1.45808e-15
5.86365e-16
1.32641e-16
0
0
1.96526e-16
0
1.93082e-15
1.99022e-13
0
0
0
0
1.7661e-16
2.39705e-15
2.89192e-16
1.30836e-16
0
2.13167e-13
1.93851e-16
1.75404e-16
3.01552e-15
2.87217e-16
0
0
0
0
1.74206e-16
2.27299e-13
1.42628e-16
0
0
0
1.91212e-16
1.73016e-16
7.67102e-15
1.41654e-16
0
2.41694e-13
0
0
1.71834e-16
6.21929e-15
1.40686e-16
0
0
0
1.8861e-16
2.55821e-13
4.63261e-15
0
0
0
0
0
3.38991e-16
3.68078e-15
0
2.69965e-13
0
0
0
3.36676e-16
2.74173e-15
0
0
0
0
2.84179e-13
3.34376e-16
2.11789e-15
0
0
0
0
0
4.98139e-16
1.50245e-15
2.98404e-13
0
0
0
0
6.5965e-16
1.34297e-15
0
0
0
3.12676e-13
0
9.82717e-16
1.0374e-15
0
0
0
0
0
1.13867e-15
3.26904e-13
0
0
0
0
0
1.61557e-15
5.8473e-16
0
0
3.41128e-13
0
0
2.08589e-15
4.35553e-16
0
0
0
0
0
3.55208e-13
2.88385e-16
0
0
0
0
0
3.48192e-15
1.43208e-16
0
3.69451e-13
0
0
0
4.40127e-15
0
0
0
0
0
3.83715e-13
7.02517e-15
0
0
0
0
0
1.71355e-16
5.58175e-15
1.40294e-16
3.9784e-13
0
2.07865e-16
1.88084e-16
1.70185e-16
4.31172e-15
0
0
0
0
4.12079e-13
3.38046e-16
3.36464e-15
0
0
0
0
0
3.35737e-16
2.4303e-15
4.26336e-13
0
0
0
0
5.00166e-16
1.96113e-15
0
0
0
4.4069e-13
0
4.9675e-16
1.34843e-15
0
0
0
0
0
8.22263e-16
4.54742e-13
0
0
0
0
0
9.79977e-16
8.8672e-16
0
0
4.69025e-13
0
1.79274e-16
1.45993e-15
5.87109e-16
0
0
0
0
0
4.83158e-13
4.37325e-16
0
1.1935e-16
0
0
1.76834e-16
2.40009e-15
2.89559e-16
0
4.97374e-13
0
0
0
3.01935e-15
2.87581e-16
0
0
0
0
5.11594e-13
3.9457e-15
2.85617e-16
0
0
0
0
0
8.151e-15
1.41833e-16
5.25793e-13
0
0
0
1.72053e-16
6.22718e-15
0
0
0
0
5.40108e-13
1.70878e-16
4.94772e-15
0
0
0
0
0
3.39421e-16
3.83901e-15
5.54261e-13
0
0
0
1.86278e-16
1.68552e-16
3.05023e-15
0
0
0
5.68408e-13
0
5.02201e-16
2.27205e-15
0
0
0
0
0
4.98772e-16
5.82638e-13
0
0
0
0
0
6.60487e-16
1.34467e-15
0
0
5.9681e-13
0
0
8.1997e-16
1.03872e-15
0
1.2149e-16
0
0
0
6.11104e-13
7.36873e-16
0
0
0
0
0
1.77938e-15
4.39104e-16
0
6.25304e-13
0
0
0
2.08854e-15
4.36105e-16
0
0
0
0
6.39588e-13
2.55296e-15
2.88751e-16
1.30637e-16
0
0
0
0
3.32787e-15
2.86779e-16
5.82552e-13
0
0
0
0
4.24947e-15
1.4241e-16
0
0
0
5.25797e-13
1.72753e-16
7.34671e-15
1.41438e-16
0
0
0
0
1.71573e-16
5.58884e-15
4.69036e-13
0
0
0
0
1.70401e-16
4.47137e-15
0
0
0
4.11967e-13
0
3.38475e-16
3.36891e-15
1.3856e-16
0
0
2.05295e-16
0
1.68082e-16
3.55274e-13
0
0
0
0
0
3.33867e-16
1.96362e-15
1.36674e-16
0
2.98435e-13
0
0
4.97381e-16
1.50016e-15
0
0
0
0
0
2.41558e-13
1.19193e-15
0
0
0
0
0
9.81221e-16
8.87845e-16
1.33893e-16
1.84755e-13
0
0
0
1.46178e-15
5.87854e-16
0
0
0
0
1.28002e-13
1.77442e-15
5.8384e-16
0
0
0
0
0
2.24293e-15
4.34889e-16
7.10931e-14
0
0
0
1.75849e-16
2.86407e-15
1.43973e-16
1.30272e-16
0
0
1.42832e-14
1.74648e-16
3.63465e-15
2.8598e-16
0
0
0
0
0
8.6322e-15
0.632121
0
0
0
0
1.72271e-16
6.54684e-15
1.41043e-16
0
0
0.632121
0
0
5.10882e-15
0
0
0
0
0
1.69926e-16
0.632121
0
1.25884e-16
0
2.06131e-16
0
3.37531e-16
3.20681e-15
0
0
0.632121
0
0
3.35226e-16
2.4266e-15
0
0
0
0
0
0.632121
1.80752e-15
1.36293e-16
0
0
0
0
6.61325e-16
1.49598e-15
0
0.632121
0
0
0
8.21011e-16
1.04003e-15
1.34437e-16
0
0
0
0.632121
1.14157e-15
7.37808e-16
0
0
0
0
0
1.61967e-15
5.86215e-16
0.632121
0
0
0
0
1.93033e-15
4.36659e-16
0
0
0
0.632121
1.76565e-16
2.5562e-15
2.89118e-16
1.30802e-16
0
0
0
0
3.17342e-15
0.632121
0
0
0
0
1.74161e-16
3.93969e-15
1.42591e-16
0
0
0.632121
0
0
7.82557e-15
0
0
0
0
1.89858e-16
1.71791e-16
0.632121
1.4065e-16
1.27266e-16
0
0
0
3.41235e-16
4.63143e-15
0
1.26396e-16
0.632121
2.06969e-16
0
1.69452e-16
3.67984e-15
1.38736e-16
0
0
0
0
0.632121
2.74103e-15
0
0
0
0
0
5.01436e-16
2.11735e-15
0
0.632121
0
0
0
4.98012e-16
1.65227e-15
1.35913e-16
0
0
0
0.632121
8.24351e-16
1.19345e-15
0
1.22139e-16
0
0
0
1.14621e-15
8.88972e-16
0.632121
0
0
1.98632e-16
0
1.30101e-15
5.886e-16
1.33147e-16
0
0
0.632121
0
1.77667e-15
4.38436e-16
0
0
0
0
0
2.24577e-15
0.632121
0
0
0
0
0
2.70839e-15
2.88312e-16
0
0
0.632121
0
0
3.48103e-15
1.43171e-16
0
0
0
0
0
0.632121
1.42194e-16
0
0
0
0
1.7249e-16
6.8673e-15
1.41222e-16
0
0.632121
0
0
1.71312e-16
5.42532e-15
0
0
0
0
0
0.632121
4.15666e-15
0
1.26044e-16
0
0
0
1.6898e-16
3.21088e-15
1.38349e-16
0.632121
0
0
0
3.35651e-16
2.42968e-15
0
0
0
0
0.632121
